# Created by lalib
# name: K
# type: matrix
# rows: 36
# columns: 36
 1.4923733907745543e+08 3.9819067726096995e+07 -4.2912327950426966e+07 8.4817301329575747e+07 -1.1844084408745349e+06 -1.2881615584059153e+04 7.3169687081936374e+07 1.0149909399800671e+07 -3.2714286241310090e+06 4.7213951351225421e+07 1.0014883826941699e+06 -1.7557879949644860e+05 -9.5517837125480007e+06 7.6343242080446044e+06 2.2843302626132548e+07 -5.7127083969949782e+07 -2.9462020864474572e+07 -6.8238090355671793e+06 -1.6723480873173761e+08 -2.4263878612179361e+07 2.7550138394471057e+07 -7.0970956458845735e+07 4.4966732752094511e+06 3.5776634120966673e+07 -1.3140420724295326e+07 -2.3873961887744620e+07 -7.1303018088244870e+06 2.3952565639336210e+07 1.5124488390429510e+07 -3.7582873709192723e+07 -3.9355955396096937e+07 -1.2067119274803836e+07 1.6860396643226597e+07 -8.1414246586126611e+07 -1.6596450581975745e+07 -7.4508146293373257e+06
 3.9819067726096995e+07 1.4748486418211848e+08 -3.9819067726096980e+07 2.0741385676724110e+06 7.3787664772859201e+07 -1.0310165810057076e+07 1.0310165810057078e+07 7.3787664772859201e+07 -2.0741385676724073e+06 2.2835396647454202e+06 4.4482677879097901e+07 -2.2835396647454202e+06 7.6343242080446268e+06 -7.6222235025102034e+07 1.2067119274803845e+07 -2.0915012317466162e+07 -1.5697446666576636e+08 2.0915012317466155e+07 -3.2490374338674963e+07 -6.9710102516521409e+07 -4.1761604546966366e+06 4.1761604546966371e+06 -6.9710102516521409e+07 3.2490374338674966e+07 -1.7570543084325850e+07 -4.4110787233176127e+07 1.6916963402488537e+07 1.5124488390429521e+07 -1.9734686199652195e+07 -1.5124488390429525e+07 -1.2067119274803851e+07 -7.6222235025102049e+07 -7.6343242080446221e+06 -1.6916963402488541e+07 -4.4110787233176149e+07 1.7570543084325854e+07
 -4.2912327950426966e+07 -3.9819067726096980e+07 1.4923733907745540e+08 -3.2714286241310048e+06 -1.0149909399800669e+07 7.3169687081936359e+07 -1.2881615584063344e+04 1.1844084408745402e+06 8.4817301329575762e+07 -1.7557879949644534e+05 -1.0014883826941703e+06 4.7213951351225398e+07 1.6860396643226601e+07 1.2067119274803828e+07 -3.9355955396096922e+07 -6.8238090355671709e+06 2.9462020864474557e+07 -5.7127083969949782e+07 3.5776634120966643e+07 -4.4966732752094511e+06 -7.0970956458845735e+07 2.7550138394471072e+07 2.4263878612179365e+07 -1.6723480873173755e+08 -7.4508146293373220e+06 1.6596450581975736e+07 -8.1414246586126566e+07 -3.7582873709192708e+07 -1.5124488390429508e+07 2.3952565639336199e+07 2.2843302626132552e+07 -7.6343242080446007e+06 -9.5517837125480045e+06 -7.1303018088244870e+06 2.3873961887744620e+07 -1.3140420724295348e+07
 8.4817301329575747e+07 2.0741385676724110e+06 -3.2714286241310053e+06 1.4817875357245547e+08 -3.8933767377263501e+07 3.7034310231862932e+07 4.8616839502235897e+07 8.3208781619942351e+05 6.7473678158828150e+05 7.4066644886388093e+07 -9.0571606060889680e+06 3.5486723944642595e+06 -6.7201258944265217e+07 3.0703982455245264e+07 7.0515540142121380e+06 -1.9444994097539273e+05 -8.0949245717783971e+06 -2.2820956808699895e+07 -1.6511369360050052e+08 2.2904837156100079e+07 -1.8820198140283328e+07 -1.1860390358691193e+07 2.3642234876885656e+07 7.2405219970333893e+06 -7.6663894965106159e+07 -4.0394154724647449e+06 -3.7499786283442475e+07 -4.2796180072698742e+07 1.2895856225979889e+07 -1.8667289135018803e+07 2.2182438367343523e+07 -1.4348331802050725e+07 3.5927386734930255e+07 -8.0970379357071579e+07 1.3643719473843148e+07 9.9042401908880845e+06
 -1.1844084408745391e+06 7.3787664772859201e+07 -1.0149909399800669e+07 -3.8933767377263501e+07 1.4817875357245547e+08 -3.7034310231862910e+07 -2.8970705559541844e+05 4.6777565653296962e+07 -8.3208781619942607e+05 -9.0571606060889680e+06 7.4066644886388123e+07 -3.5486723944642562e+06 2.2904837156100087e+07 -1.6511369360050055e+08 1.8820198140283320e+07 -8.0949245717784185e+06 -7.3543941450296447e+07 1.1447434713930139e+07 3.0703982455245256e+07 -6.7201258944265187e+07 -7.0515540142121371e+06 1.7659328893979702e+07 -4.1425440049358368e+07 1.4574045126392756e+07 -4.0394154724647482e+06 -7.6663894965106159e+07 3.7499786283442482e+07 1.3643719473843146e+07 -8.0970379357071593e+07 -9.9042401908880826e+06 -1.4348331802050738e+07 -2.4062852247366283e+07 -1.4665568881509688e+07 1.2895856225979893e+07 -4.2796180072698742e+07 1.8667289135018807e+07
 -1.2881615584060783e+04 -1.0310165810057076e+07 7.3169687081936359e+07 3.7034310231862925e+07 -3.7034310231862910e+07 1.4386116496277386e+08 5.1448037133187428e+05 2.8970705559541821e+05 4.8616839502235889e+07 1.2986897566090350e+05 -1.2986897566090235e+05 8.2242387265686348e+07 6.3036907663488975e+06 2.6619343439428493e+07 -6.5175060964897625e+07 -1.6838050825793941e+07 1.1447434713930113e+07 -3.1558987835396372e+07 -2.6619343439428501e+07 -6.3036907663488993e+06 -6.5175060964897610e+07 7.2405219970334116e+06 1.4574045126392767e+07 -8.0433995426555127e+07 -2.8952777736434061e+07 2.8952777736434061e+07 -1.7654123427787980e+08 -2.5398058365787994e+07 -1.0652103438751303e+07 -8.2295541508057443e+06 3.5927386734930247e+07 -1.4665568881509669e+07 2.2032110799262792e+07 1.0652103438751299e+07 2.5398058365787998e+07 -8.2295541508057490e+06
 7.3169687081936374e+07 1.0310165810057078e+07 -1.2881615584062412e+04 4.8616839502235897e+07 -2.8970705559541844e+05 5.1448037133187242e+05 1.4386116496277389e+08 3.7034310231862932e+07 3.7034310231862932e+07 8.2242387265686348e+07 1.2986897566090431e+05 1.2986897566090059e+05 2.2032110799262807e+07 1.4665568881509673e+07 3.5927386734930262e+07 -3.1558987835396383e+07 -1.1447434713930121e+07 -1.6838050825793944e+07 -8.0433995426555127e+07 -1.4574045126392767e+07 7.2405219970334144e+06 -6.5175060964897633e+07 6.3036907663488984e+06 -2.6619343439428501e+07 -8.2295541508057360e+06 -2.5398058365787990e+07 1.0652103438751290e+07 -8.2295541508057294e+06 1.0652103438751290e+07 -2.5398058365787998e+07 -6.5175060964897618e+07 -2.6619343439428508e+07 6.3036907663488993e+06 -1.7654123427787998e+08 -2.8952777736434076e+07 -2.8952777736434080e+07
 1.0149909399800671e+07 7.3787664772859201e+07 1.1844084408745412e+06 8.3208781619942421e+05 4.6777565653296962e+07 2.8970705559541821e+05 3.7034310231862932e+07 1.4817875357245553e+08 3.8933767377263501e+07 3.5486723944642581e+06 7.4066644886388093e+07 9.0571606060889699e+06 1.4665568881509690e+07 -2.4062852247366276e+07 1.4348331802050745e+07 -1.1447434713930137e+07 -7.3543941450296432e+07 8.0949245717784222e+06 -1.4574045126392756e+07 -4.1425440049358368e+07 -1.7659328893979702e+07 7.0515540142121296e+06 -6.7201258944265202e+07 -3.0703982455245264e+07 -1.8667289135018803e+07 -4.2796180072698727e+07 -1.2895856225979891e+07 9.9042401908880770e+06 -8.0970379357071579e+07 -1.3643719473843150e+07 -1.8820198140283331e+07 -1.6511369360050052e+08 -2.2904837156100087e+07 -3.7499786283442490e+07 -7.6663894965106219e+07 4.0394154724647459e+06
 -3.2714286241310118e+06 -2.0741385676724082e+06 8.4817301329575762e+07 6.7473678158828011e+05 -8.3208781619942468e+05 4.8616839502235889e+07 3.7034310231862932e+07 3.8933767377263501e+07 1.4817875357245553e+08 3.5486723944642562e+06 9.0571606060889699e+06 7.4066644886388108e+07 3.5927386734930240e+07 1.4348331802050726e+07 2.2182438367343534e+07 -2.2820956808699891e+07 8.0949245717783999e+06 -1.9444994097539224e+05 7.2405219970333902e+06 -2.3642234876885656e+07 -1.1860390358691189e+07 -1.8820198140283328e+07 -2.2904837156100079e+07 -1.6511369360050052e+08 9.9042401908880770e+06 -1.3643719473843146e+07 -8.0970379357071579e+07 -1.8667289135018807e+07 -1.2895856225979893e+07 -4.2796180072698735e+07 7.0515540142121352e+06 -3.0703982455245264e+07 -6.7201258944265217e+07 -3.7499786283442490e+07 4.0394154724647482e+06 -7.6663894965106189e+07
