# Created by lalib
# name: K
# type: matrix
# rows: 27
# columns: 27
 1.2255972588769972e+08 6.4204314204259858e+07 -1.4690170940163027e+07 1.4570945956021722e+07 6.9953194953535497e+05 3.5612535612537013e+05 8.1137205962196970e+06 1.0256410256405499e+07 1.9230769230751717e+06 -6.5404567936948933e+07 -3.0723443223398540e+07 1.1111111111107532e+07 4.2622894159019507e+07 1.5018315018295402e+07 -5.3418803418795508e+05 9.1344062372114100e+06 2.0192307692280691e+07 -2.2435897435884955e+06 -1.2267033510511093e+08 -5.0480769230721742e+07 7.6032763532697409e+06 -1.1485013394251361e+08 -8.1178774928706378e+07 -1.8340455840482255e+06 9.7925238893258706e+07 5.2973646723587938e+07 1.3372507122496180e+07
 6.4204314204259858e+07 1.1809750957761331e+08 -1.3392400950038377e+07 3.9046601546624238e+06 -1.5030290803696185e+06 2.0321461242345802e+06 6.8376068376036659e+06 2.3158731345314294e+07 6.6432357260381593e+05 -3.1471306471261378e+07 -6.3238456755232431e+07 9.2157824111954495e+06 2.1001221001192611e+07 1.2772488618892163e+07 -1.3831563771669674e+06 1.3461538461520452e+07 4.3453028352692179e+07 -2.2606784802391240e+06 -5.8493589743539982e+07 -8.1940278656840071e+07 -3.2673795524421772e+06 -7.2311253561187804e+07 -1.5326869004031801e+08 9.2614712965584993e+06 5.3507834757775538e+07 9.5907128918003604e+07 1.3211030413803052e+07
 -1.4690170940163027e+07 -1.3392400950038377e+07 6.7076374947460413e+07 -7.1225071224998275e+05 1.6047956968842861e+06 8.3815553167408919e+06 1.2820512820501141e+06 -6.1772770944630064e+05 1.3353011337674337e+07 7.5854700854674745e+06 5.6901413855553865e+06 -5.2701451830639884e+07 -5.3418803418775508e+05 -1.3831563771667739e+06 6.4988796629755362e+05 -1.4957264957256643e+06 -1.5128152323762844e+06 -2.3482002852408309e+06 1.0915242165234400e+07 -5.5109692960305065e+06 -4.5040616780857675e+07 -3.8639601139617618e+06 1.2787112322197948e+07 -6.0939391333801582e+07 1.1556267806260400e+07 1.1394791097567270e+07 4.2138924734468997e+07
 1.4570945956021719e+07 3.9046601546624238e+06 -7.1225071224998322e+05 9.8405193898221552e+07 -1.1446886446872933e+06 1.6470797720788909e+07 2.4285087521295829e+05 -1.0256410256405490e+07 -1.9230769230751758e+06 4.2160030858569615e+07 1.9398656898629539e+07 1.0683760683753621e+06 -5.3311924020680018e+07 -3.6935286935263420e+06 -1.1645299145294907e+07 -4.4916338744422020e+06 -2.0192307692280740e+07 2.2435897435885114e+06 -1.0687270870405488e+08 -1.7183048433048543e+07 -9.0277777777710333e+06 8.1472398390610471e+07 1.0594729344722675e+07 -9.6331908831825145e+06 -8.0347786077649623e+07 1.7610398860395677e+07 -1.9052706552654696e+06
 6.9953194953535381e+05 -1.5030290803696164e+06 1.6047956968842861e+06 -1.1446886446872931e+06 3.3250725469061173e+07 -7.7333035266723274e+05 -6.8376068376036594e+06 -3.4584867382532088e+06 -2.9273782324744905e+06 1.3415750915732315e+07 1.0831617805272460e+07 1.5028289941486818e+05 -2.9456654456635136e+06 -2.1256125449505441e+07 -4.4561221885772998e+05 -1.3461538461520493e+07 -6.1047953608338768e+06 1.5888675689240978e+06 -9.1702279202303328e+06 -2.6195054257244930e+07 -1.0359388936390830e+07 1.0060541310535105e+07 3.9169979551790759e+07 9.4690275049654103e+05 8.7428774928771276e+06 -3.2887685420681607e+07 1.0185885561804129e+07
 3.5612535612537013e+05 2.0321461242345811e+06 8.3815553167408919e+06 1.6470797720788911e+07 -7.7333035266723274e+05 4.3227765103360504e+07 -1.2820512820501169e+06 -3.5684038734995485e+06 4.5513156767115267e+06 1.0683760683751572e+06 1.5028289941467158e+05 5.0787392789231741e+05 -8.1196581196548538e+06 -1.1934754667205587e+06 -4.0266885513156146e+07 1.4957264957256746e+06 8.4100432106127590e+05 -1.4107557074156042e+07 -1.2339743589735685e+07 -1.5380756457756242e+07 -2.9696522375700328e+07 -7.8169515669467235e+06 1.4810907846841123e+06 2.4838291838764057e+07 1.2464387464806784e+05 1.6061953937869884e+07 -2.6059830561549466e+07
 8.1137205962196970e+06 6.8376068376036668e+06 1.2820512820501137e+06 2.4285087521295849e+05 -6.8376068376036584e+06 -1.2820512820501169e+06 3.1501302921432175e+07 9.0241382953409134e-10 5.5250627483806196e-10 8.9519323650273867e+06 1.1965811965794837e+07 -1.2660166248679161e-08 2.1271183185164840e+06 -1.1965811965794837e+07 1.2485543265938759e-08 -2.3582105939054478e+07 -5.3534984116627186e-10 -8.9105714953857202e-10 2.1824565190120615e+07 -6.5483618527650833e-09 2.9685907065868378e-09 -4.1779463205775701e+07 -1.7094017094011545e+07 -1.1111111111105962e+07 -1.7589111614633452e+07 1.7094017094011545e+07 1.1111111111105962e+07
 1.0256410256405499e+07 2.3158731345314290e+07 -6.1772770944630052e+05 -1.0256410256405488e+07 -3.4584867382532079e+06 -3.5684038734995485e+06 9.0241382953409134e-10 9.9801317411154002e+07 1.2727612915931109e+07 1.7948717948692258e+07 4.2182451232090674e+07 1.3073348322519663e+05 -1.7948717948692262e+07 1.7150780487765074e+07 1.8671139993878866e+06 -9.0898030793627012e-10 -6.0337444588758811e+07 -1.2430127654827751e+07 -8.9639797806739807e-09 7.6707865900556356e+07 -1.0162763144270411e+07 -2.5641025641017325e+07 -1.4476464731152514e+08 -1.0728457122274153e+07 2.5641025641017325e+07 -6.3417838849189006e+07 6.3595427898051469e+06
 1.9230769230751717e+06 6.6432357260381582e+05 1.3353011337674340e+07 -1.9230769230751756e+06 -2.9273782324744910e+06 4.5513156767115267e+06 5.5250627483806196e-10 1.2727612915931109e+07 4.1954545735290773e+07 -1.7724232748150826e-08 1.3073348322518205e+05 -1.8987555894674379e+06 1.7142156139016151e-08 1.8671139993878775e+06 -7.5787480544409007e+06 -8.9105714953857202e-10 -8.1566233813248640e+06 -4.5782032136986300e+07 5.0058588385581970e-09 -8.8807118622221854e+06 2.1502677454986427e+07 -1.6666666666658944e+07 -1.4574610968426369e+07 -4.3242937114465483e+07 1.6666666666658944e+07 8.0689444992059041e+06 -1.5733163416661588e+07
 -6.5404567936948933e+07 -3.1471306471261375e+07 7.5854700854674755e+06 4.2160030858569615e+07 1.3415750915732317e+07 1.0683760683751577e+06 8.9519323650273867e+06 1.7948717948692258e+07 -1.7738784663379192e-08 1.8887679260707572e+08 9.5848595848467663e+07 -5.0058588385581970e-09 -1.2361711110933751e+08 -3.4310134310088731e+07 -4.5401975512504578e-09 -3.2632595083010413e+07 -6.2820512820429303e+07 1.2820512820503777e+06 3.4408439391168505e+07 4.9145299145239227e+07 -1.9230769230753347e+07 1.3022503415025251e+08 4.0170940170893498e+07 -2.7777777777657411e+06 -1.6777340358106133e+08 -9.0811965811857238e+07 -2.3504273504253879e+07
 -3.0723443223398540e+07 -6.3238456755232431e+07 5.6901413855553865e+06 1.9398656898629539e+07 1.0831617805272460e+07 1.5028289941467191e+05 1.1965811965794839e+07 4.2182451232090674e+07 1.3073348322518304e+05 9.5848595848467648e+07 1.8975293325107715e+08 3.2780691945596235e+06 -5.4822954822881706e+07 -2.0257860215723641e+07 1.6317043479031238e+06 -4.1880341880286224e+07 -1.3734624826958674e+08 8.9480278361246060e+05 3.2051282051242460e+07 1.2142607766790448e+08 -2.4422699290557560e+06 5.7051282051214442e+07 3.5432722632597528e+07 -1.9570153817131244e+07 -9.0811965811856970e+07 -1.6798163136952749e+08 -2.3095312588354170e+07
 1.1111111111107534e+07 9.2157824111954495e+06 -5.2701451830639884e+07 1.0683760683753609e+06 1.5028289941486841e+05 5.0787392789231881e+05 -1.2660166248679161e-08 1.3073348322519733e+05 -1.8987555894674386e+06 -5.0058588385581970e-09 3.2780691945596226e+06 1.3302535631419139e+08 -1.3969838619232178e-09 1.6317043479031285e+06 -8.8518626097230222e+06 8.5470085470025009e+05 4.6745235626233515e+05 -9.5004296039601509e+06 -1.9230769230756704e+07 6.1047386179466322e+06 3.3411899592354249e+07 5.9829059829115532e+06 -1.9356478603459701e+07 3.9361982326193340e+07 -2.3504273504257966e+07 -2.3095312588358253e+07 -7.5780736027903274e+07
