# Created by lalib
# name: K
# type: matrix
# rows: 12
# columns: 12
 9.7012324371977270e+07 3.3775764996159263e+07 -3.0352015313127805e+07 -4.4038878965184748e+07 6.6913834597229725e+06 -8.9084003335539512e+06 2.2647604673353594e+07 1.7193488567992449e+07 4.7133945382409077e+06 -3.0181674145315126e+07 2.1649038420258462e+06 3.0708463207502980e+07
 3.3775764996159263e+07 9.8247918501407012e+07 -3.3775764996159256e+07 -6.9304114120718837e+06 2.3415215672128964e+07 -1.7994770619274497e+07 1.7994770619274501e+07 2.3415215672128972e+07 6.9304114120718818e+06 -4.2453525682305563e+06 6.7109643348281109e+05 4.2453525682305554e+06
 -3.0352015313127805e+07 -3.3775764996159256e+07 9.7012324371977299e+07 4.7133945382409096e+06 -1.7193488567992449e+07 2.2647604673353583e+07 -8.9084003335539512e+06 -6.6913834597229734e+06 -4.4038878965184748e+07 3.0708463207502984e+07 -2.1649038420258467e+06 -3.0181674145315122e+07
 -4.4038878965184748e+07 -6.9304114120718790e+06 4.7133945382409059e+06 1.0194837211624421e+08 -3.4308487591517888e+07 3.7781680817143567e+07 -4.0324284497165635e+07 -2.8518630270166546e+06 -3.5243563869059913e+07 2.1405740455798045e+07 -1.6363767083905328e+07 -6.4457879878440518e+06
 6.6913834597229725e+06 2.3415215672128964e+07 -1.7193488567992445e+07 -3.4308487591517888e+07 1.0194837211624421e+08 -3.7781680817143574e+07 4.3596754345217999e+06 -3.6117124678128329e+06 2.8518630270166546e+06 -1.6363767083905328e+07 2.1405740455798045e+07 6.4457879878440564e+06
 -8.9084003335539531e+06 -1.7994770619274497e+07 2.2647604673353583e+07 3.7781680817143567e+07 -3.7781680817143574e+07 1.0872559849963495e+08 -3.6044845920341969e+07 -4.3596754345217980e+06 -4.0324284497165635e+07 6.3747248326687505e+06 -6.3747248326687487e+06 -4.3895335119250044e+07
 2.2647604673353590e+07 1.7994770619274497e+07 -8.9084003335539494e+06 -4.0324284497165635e+07 4.3596754345217990e+06 -3.6044845920341969e+07 1.0872559849963495e+08 3.7781680817143567e+07 3.7781680817143574e+07 -4.3895335119250044e+07 6.3747248326687468e+06 6.3747248326687440e+06
 1.7193488567992449e+07 2.3415215672128972e+07 -6.6913834597229725e+06 -2.8518630270166546e+06 -3.6117124678128324e+06 -4.3596754345217980e+06 3.7781680817143567e+07 1.0194837211624420e+08 3.4308487591517881e+07 -6.4457879878440592e+06 2.1405740455798034e+07 1.6363767083905326e+07
 4.7133945382409096e+06 6.9304114120718800e+06 -4.4038878965184748e+07 -3.5243563869059920e+07 2.8518630270166551e+06 -4.0324284497165635e+07 3.7781680817143574e+07 3.4308487591517881e+07 1.0194837211624420e+08 -6.4457879878440564e+06 1.6363767083905326e+07 2.1405740455798037e+07
 -3.0181674145315126e+07 -4.2453525682305563e+06 3.0708463207502984e+07 2.1405740455798045e+07 -1.6363767083905328e+07 6.3747248326687496e+06 -4.3895335119250044e+07 -6.4457879878440592e+06 -6.4457879878440583e+06 8.1006939795827150e+07 -2.7233244490957938e+07 -2.7233244490957938e+07
 2.1649038420258462e+06 6.7109643348281225e+05 -2.1649038420258472e+06 -1.6363767083905330e+07 2.1405740455798045e+07 -6.3747248326687487e+06 6.3747248326687440e+06 2.1405740455798034e+07 1.6363767083905326e+07 -2.7233244490957934e+07 8.1006939795827150e+07 2.7233244490957938e+07
 3.0708463207502980e+07 4.2453525682305545e+06 -3.0181674145315122e+07 -6.4457879878440574e+06 6.4457879878440564e+06 -4.3895335119250044e+07 6.3747248326687478e+06 1.6363767083905326e+07 2.1405740455798041e+07 -2.7233244490957938e+07 2.7233244490957938e+07 8.1006939795827150e+07

# Created by lalib
# name: f
# type: matrix
# rows: 12
# columns: 1
 3.2222168803292366e+00
 2.2222168803292366e+00
 2.2222168803292366e+00
 2.2222168803292366e+00
 2.2222168803292366e+00
 2.2222168803292366e+00
 2.2222168803292366e+00
 2.2222168803292366e+00
 2.2222168803292366e+00
 2.2222168803292366e+00
 2.2222168803292366e+00
 2.2222168803292366e+00

# Created by lalib
# name: d
# type: matrix
# rows: 12
# columns: 1
 1.0615104605900274e-07
 1.1766590005519318e-08
 9.3210538421611131e-08
 1.2368164897467846e-07
 1.0569517294343049e-07
 1.0763048845605731e-07
 1.0693103954976896e-07
 -6.9379713666168908e-08
 1.0667655168579486e-07
 1.1234342533820187e-07
 2.9648805344797649e-08
 8.6269167788195776e-08

