# Created by lalib
# name: K
# type: matrix
# rows: 54
# columns: 54
 3.5224901181461766e+07 1.2892889849896997e+07 -1.2853070859140422e+07 -5.9918949653092619e+04 -8.4874524205935188e+05 7.3920726649252966e+05 -6.1814841710810401e+06 -3.1587341693507493e+06 -9.3814316085787292e+05 -6.0469307034554391e+05 1.8334214779841431e+05 1.3982391237244951e+06 2.3867285015248749e+06 5.6120950965525610e+06 4.5305915750459500e+05 6.9600930767680770e+06 -3.4471302642231975e+06 -6.3674476237434465e+06 -1.8988759458734788e+07 3.5112258181027775e+06 -3.4472189728642618e+06 7.2267633438648432e+06 6.4952725290141692e+06 3.4117553861100068e+06 2.6234501928892261e+06 -4.6072205456090491e+05 -5.7790249979857150e+06 -1.1201379019848148e+06 -1.4921233384152721e+06 7.4689700097175187e+05 -6.6309541723756003e+05 8.7433593602493440e+05 -4.0164169719624764e+05 6.1132814474438801e+06 -8.2674830385525571e+05 -5.7576574766181959e+06 -1.4792316732400952e+07 -2.2844151272355456e+07 -1.6221440267218156e+06 2.4268630658157752e+06 2.7367241267958730e+06 -2.8005538119488554e+06 -1.8156323989451090e+06 -1.7118095453615976e+06 1.7966593920815578e+06 -1.4648551118142551e+07 1.7821286207848317e+06 2.2789158007911298e+07 4.2958077402553931e+06 5.6767339084619004e+06 -2.8005538119488577e+06 -9.9627564872558527e+06 -1.1449302934945751e+07 1.1519677006526481e+07
 1.2892889849896997e+07 3.5320202021920495e+07 -1.2892889849896992e+07 8.2860518529105000e+05 -6.1448093424570877e+06 3.1266828872994655e+06 -3.1266828872994673e+06 -6.1448093424570914e+06 -8.2860518529105012e+05 -2.4400827955200669e+05 9.8983302749543358e+05 2.4400827955200651e+05 5.6120950965525648e+06 5.8100885095096193e+06 8.3506577337675169e+05 3.3904765733835492e+06 -1.9284774069424581e+07 -3.3904765733835488e+06 -3.3477485408714884e+06 7.3188625345369494e+06 -6.5166400503816912e+06 6.5166400503816912e+06 7.3188625345369577e+06 3.3477485408714861e+06 3.7261127877241583e+05 -3.7064043016324448e+05 -9.0402092691395094e+05 -1.4921233384152728e+06 -2.0767551539340157e+06 1.4921233384152728e+06 -8.3506577337675192e+05 5.8100885095096193e+06 -5.6120950965525638e+06 9.0402092691395152e+05 -3.7064043016324437e+05 -3.7261127877241658e+05 -2.2844151272355452e+07 -1.4994005245864719e+07 -1.7069938734417753e+06 2.7367241267958763e+06 4.0696587943018158e+06 -5.6767339084618995e+06 1.7069938734417737e+06 -1.4994005245864717e+07 2.2844151272355452e+07 -1.6366747980185414e+06 -1.4198470971337873e+06 1.6366747980185405e+06 5.6767339084619004e+06 4.0696587943018172e+06 -2.7367241267958758e+06 -1.1449302934945751e+07 -1.0241183691383457e+07 1.1449302934945747e+07
 -1.2853070859140422e+07 -1.2892889849896992e+07 3.5224901181461759e+07 -9.3814316085787257e+05 3.1587341693507470e+06 -6.1814841710810354e+06 7.3920726649252907e+05 8.4874524205935246e+05 -5.9918949653095100e+04 1.3982391237244951e+06 -1.8334214779841425e+05 -6.0469307034554309e+05 -4.0164169719624694e+05 -8.7433593602493429e+05 -6.6309541723755922e+05 -6.3674476237434456e+06 3.4471302642231956e+06 6.9600930767680760e+06 3.4117553861100022e+06 -6.4952725290141683e+06 7.2267633438648377e+06 -3.4472189728642600e+06 -3.5112258181027779e+06 -1.8988759458734777e+07 -5.7576574766181968e+06 8.2674830385525653e+05 6.1132814474438783e+06 7.4689700097175199e+05 1.4921233384152718e+06 -1.1201379019848146e+06 4.5305915750459419e+05 -5.6120950965525592e+06 2.3867285015248745e+06 -5.7790249979857132e+06 4.6072205456090416e+05 2.6234501928892233e+06 1.7966593920815571e+06 1.7118095453615969e+06 -1.8156323989451118e+06 -2.8005538119488582e+06 -5.6767339084618995e+06 4.2958077402553922e+06 -1.6221440267218142e+06 2.2844151272355452e+07 -1.4792316732400952e+07 2.2789158007911295e+07 -1.7821286207848326e+06 -1.4648551118142545e+07 -2.8005538119488554e+06 -2.7367241267958735e+06 2.4268630658157757e+06 1.1519677006526479e+07 1.1449302934945747e+07 -9.9627564872558508e+06
 -5.9918949653092634e+04 8.2860518529105023e+05 -9.3814316085787234e+05 3.3981199727576256e+07 -1.2508556108046995e+07 1.1956116541185159e+07 -8.1180655547751184e+05 -2.0330365031458423e+05 -1.5386513877049298e+06 -6.1599977612088015e+06 3.1898900045053284e+06 8.6074068401857559e+05 6.3571935521264644e+06 3.3929302042351924e+06 6.1679162352879047e+06 2.5858788817765149e+06 -5.6926640031319400e+06 -5.0476196495808021e+05 -1.8900563373276029e+07 -3.2523689410638590e+06 3.9375272686730218e+06 2.4707396559514124e+06 4.2024787133456545e+05 5.6025852982659899e+06 6.9361559360431097e+06 -6.2366357603238542e+06 -4.3423669484685399e+06 -3.7878706341825571e+05 -1.1019643954606678e+06 3.5023168718872924e+05 -1.0933213106011124e+06 1.4550957078697777e+06 -7.7169591855509975e+05 7.2546883117662994e+06 7.9974500624870718e+05 6.3889148394482452e+06 -1.4942345715039330e+07 2.2763588875570636e+07 2.1810068901153239e+06 -2.1998768896815311e+06 1.5134361992191356e+06 -2.1301059661363149e+06 2.5695254250668269e+06 -2.8231054120497531e+06 2.7792177888065008e+06 -1.3939121279209288e+07 -1.6489569631739822e+06 -2.2195612875475235e+07 4.8631544395465786e+06 -5.8730125643444164e+06 3.2135487913967678e+06 -1.0071865612191081e+07 1.1252428059591575e+07 -1.0962763232319213e+07
 -8.4874524205935199e+05 -6.1448093424570868e+06 3.1587341693507470e+06 -1.2508556108046995e+07 3.3981199727576256e+07 -1.1956116541185157e+07 2.5609805908711831e+05 9.2591697993641056e+05 2.0330365031458379e+05 3.1898900045053284e+06 -6.1599977612087997e+06 -8.6074068401857559e+05 -3.2523689410638637e+06 -1.8900563373276010e+07 -3.9375272686730246e+06 -5.6926640031319428e+06 6.0415419056496965e+06 9.3810418506216037e+05 3.3929302042351989e+06 6.3571935521264561e+06 -6.1679162352879038e+06 -3.9171794063123461e+05 -4.2703161725960299e+05 -9.3227301381303545e+05 -6.2366357603238542e+06 6.9361559360431088e+06 4.3423669484685399e+06 7.9974500624870777e+05 7.2546883117662976e+06 -6.3889148394482443e+06 1.4550957078697784e+06 -1.9340346944002076e+06 1.4900609872868771e+06 -1.1019643954606690e+06 -3.7878706341825437e+05 -3.5023168718872964e+05 2.2763588875570636e+07 -1.4942345715039330e+07 -2.1810068901153239e+06 -1.6489569631739843e+06 -1.3939121279209279e+07 2.2195612875475232e+07 -2.8231054120497550e+06 4.3116953372182231e+06 -5.6224303026657933e+06 1.5134361992191384e+06 -2.1998768896815376e+06 2.1301059661363172e+06 -5.8730125643444136e+06 4.8631544395465786e+06 -3.2135487913967669e+06 1.1252428059591573e+07 -1.0071865612191081e+07 1.0962763232319221e+07
 7.3920726649252919e+05 3.1266828872994655e+06 -6.1814841710810363e+06 1.1956116541185159e+07 -1.1956116541185157e+07 3.2792135054250211e+07 -1.5707026697562113e+06 -2.5609805908711851e+05 -8.1180655547751160e+05 -8.4866102538310841e+05 8.4866102538310818e+05 1.9571505652322125e+05 5.9756085429802164e+06 2.7077718766260291e+06 6.5904809551193165e+06 3.4993888974276127e+05 -7.7129752433952584e+05 -5.5475328465232288e+05 -2.7077718766260338e+06 -5.9756085429802146e+06 6.5904809551193081e+06 5.5598502555309525e+06 7.3439365285360848e+05 6.0388564007271538e+06 2.4952398891382040e+06 -2.4952398891382036e+06 -1.8780808700578306e+07 -6.9677685981980176e+05 -6.5812225317559289e+06 3.7704896511802627e+06 -7.7169591855509975e+05 1.4900609872868762e+06 -1.1894751567549570e+06 6.5812225317559298e+06 6.9677685981980094e+05 3.7704896511802631e+06 -1.2377965286880480e+06 1.2377965286880478e+06 -1.5703961472911495e+06 1.0322871962568056e+06 2.1939202619064976e+07 -1.4828954645828923e+07 2.7792177888065027e+06 -5.6224303026657943e+06 4.3604341147465901e+06 -2.1939202619064979e+07 -1.0322871962568018e+06 -1.4828954645828927e+07 3.2135487913967655e+06 -3.2135487913967660e+06 3.8122713863021540e+06 -1.0962763232319215e+07 1.0962763232319221e+07 -1.0315964034312958e+07
