# Created by lalib
# name: K
# type: matrix
# rows: 36
# columns: 36
 4.4932366319032244e+07 2.3857855107849386e+07 -5.8760683760663588e+06 1.0924190246425144e+07 3.0499592999585536e+06 3.5612535612518812e+05 3.2558248451747838e+06 5.1282051282039518e+06 1.9230769230762920e+06 2.0337669451470189e+07 1.2405372405363839e+07 1.4529914529938614e+06 5.5257616705121668e+06 1.1294261294251545e+06 -4.0598290598261282e+06 2.5259212250173087e+06 3.1410256410236754e+06 -3.1410256410246370e+06 -4.5406853797397830e+07 -1.2484737484734444e+07 -1.2108262108256891e+06 -1.9546612889183447e+07 -2.3890923890918899e+07 -4.5584045584031129e+06 4.4166666768879704e+06 2.7370777370775566e+06 1.3532763532761002e+06 -2.1893403435416251e+07 -5.2655677655635681e+06 1.2286324786316026e+07 -9.5990075340270028e+06 -1.1883394383386128e+07 9.1666666666621584e+06 4.8174267887594961e+06 2.3962148962138146e+06 -4.8076923076894442e+06
 2.3857855107849386e+07 4.3921769124349177e+07 -5.6567888488495238e+06 4.5456857956846878e+06 3.1033413963435050e+06 1.5043702483553018e+06 3.4188034188026353e+06 1.1986957823819228e+07 7.0334020554117393e+05 1.2213064713056201e+07 2.0586506894429330e+07 1.1919770518401593e+06 1.9841269841254619e+06 1.0488631173871076e+06 -2.1997159793798486e+06 2.0940170940157836e+06 7.9537449259888604e+06 -4.9808130388677074e+06 -1.8788156288151741e+07 -1.3261461491798878e+07 -3.5922248614593456e+06 -1.7373829873826411e+07 -5.2797487935218558e+07 -1.6215961198102448e+06 3.2712657712655198e+06 2.8922130155997025e+06 1.6186588649242348e+06 -8.6843711843647137e+06 -4.4152704154012613e+06 8.6397670847523678e+06 -8.7210012209952194e+06 -2.5749595553364892e+07 1.2152920509214584e+07 2.3962148962136777e+06 5.5678348883050084e+06 -5.0581563230132218e+06
 -5.8760683760663578e+06 -5.6567888488495238e+06 2.4117642030090511e+07 -7.1225071225048753e+05 1.0770198210050559e+06 2.6425619246271951e+06 1.2820512820508613e+06 -5.7871107650968619e+05 2.6642539794672979e+06 -1.7735042734992919e+06 -2.0345186746529955e+06 4.1137138179421327e+06 -4.0598290598254232e+06 -1.3450151246793282e+06 2.3274429103113664e+06 -2.0940170940164248e+06 -4.7885053465593103e+06 3.4129005865890323e+06 2.1011396011389401e+06 -1.5623103315455858e+06 -1.3500190527343530e+07 -1.6737891737886148e+06 2.5450705468551237e+06 -1.6190963594801936e+07 -4.6296296296272619e+05 -1.9758045131459125e+05 -1.9885194409088530e+06 1.2286324786313890e+07 6.9303653753505824e+06 -5.7961317351212390e+06 7.7136752136703348e+06 1.2409330765622411e+07 -7.2047906086150045e+06 -4.8076923076885249e+06 -5.0581563230123073e+06 5.8694379199710926e+06
 1.0924190246425144e+07 4.5456857956846869e+06 -7.1225071225048741e+05 3.5640324074972495e+07 -3.5866910866912204e+05 5.5199430199410599e+06 -2.8720424959431344e+05 -5.1282051282039583e+06 -1.9230769230762885e+06 5.6595103123879787e+06 2.6251526251509208e+06 3.8461538461510642e+06 1.5486153855453579e+07 -7.1428571428552200e+05 -1.6666666666689219e+06 3.3976041182263952e+05 -3.1410256410236773e+06 3.1410256410246338e+06 -4.4894260596253693e+07 -1.8610093610089026e+07 1.9230769230762795e+06 3.9041136096979426e+06 3.0932030932028615e+06 -2.8490028490018647e+05 -5.9979357885831539e+06 1.8060643060638446e+07 3.4900284900271660e+06 -2.1959922711866163e+07 -1.0180097680090807e+07 -1.1858974358965889e+07 3.9358280159447445e+06 6.8681318681248440e+05 5.4487179487146512e+06 -2.6090090556984870e+06 8.8003663003598154e+06 -9.8076923076873235e+06
 3.0499592999585536e+06 3.1033413963435050e+06 1.0770198210050559e+06 -3.5866910866912204e+05 1.1582402454241706e+07 -2.6301726695371937e+05 -3.4188034188026381e+06 -3.0309599016042560e+05 -1.5155056019964775e+06 1.7704517704506139e+06 1.7958390006067734e+06 1.4413319430530383e+06 -5.2197802197788417e+05 3.5584101674215952e+06 4.5314175221681842e+04 -2.0940170940157853e+06 5.1859932770711101e+04 -1.5909478375454135e+06 -1.2306674806671739e+07 -1.1456850011765258e+07 -2.2272895508865663e+06 2.5590150590148973e+06 1.0877008811928071e+06 4.6729925144029153e+05 1.1543549043545971e+07 -4.7169858923902474e+06 1.9232680506186786e+06 -6.7612942612896673e+06 -5.1620965303547727e+06 -2.5674643618051945e+06 6.8681318681262038e+05 2.1018303152433387e+06 7.5167293269000167e+05 5.6379731379689118e+06 -1.5041202040971236e+06 2.5741380911485604e+06
 3.5612535612518800e+05 1.5043702483553020e+06 2.6425619246271951e+06 5.5199430199410599e+06 -2.6301726695371937e+05 1.4642818601929227e+07 -1.2820512820508585e+06 -2.1565312430219064e+06 -9.8932313301398617e+05 3.8461538461503629e+06 2.2960327977529084e+06 2.1823359155328693e+06 1.5598290598242327e+06 -1.4699351708595650e+05 -6.9000963712480641e+05 2.0940170940164216e+06 -2.6379563845528672e+06 1.4770619204311685e+06 -1.3888888888883463e+06 -2.9751527987494739e+06 -1.2998132602228541e+07 1.5313390313386447e+06 1.0014872856282515e+06 -2.4904961088573155e+06 6.0541310541267460e+05 2.8848065121567724e+06 -3.3024186849286868e+06 -1.1858974358963756e+07 -4.2768660712049799e+06 -5.3486423641923871e+06 5.4487179487137301e+06 7.5167293268986244e+05 5.3682480153662609e+06 -8.3547008546955120e+06 4.0271295441381074e+06 4.7271945956750424e+03
 3.2558248451747838e+06 3.4188034188026353e+06 1.2820512820508610e+06 -2.8720424959431344e+05 -3.4188034188026381e+06 -1.2820512820508590e+06 9.3392147197921891e+06 -1.3592308261079149e-11 -3.4376103036014211e-11 1.8968398451457033e+06 1.7094017094005065e+06 1.7094017093996343e+06 5.5136717068511542e+04 -1.7094017094005083e+06 -1.7094017093996310e+06 2.9601209738217611e+06 -6.9610795653641693e-11 3.7033865067761655e-11 -1.4367498371324927e+05 3.7834979593753815e-09 -2.3865140974521637e-09 -1.5978306251117276e+07 -1.3675213675210498e+07 -2.5641025641017403e+06 1.0048847897011202e+06 1.3675213675210498e+07 2.5641025641017403e+06 2.5828650351135982e+06 1.8480932340025902e-09 -3.4779077395796776e-09 -6.5738637893255539e+06 -6.8376068376020044e+06 -3.4188034187992923e+06 2.3626197977414499e+06 6.8376068376020044e+06 3.4188034187992923e+06
 5.1282051282039518e+06 1.1986957823819228e+07 -5.7871107650968595e+05 -5.1282051282039583e+06 -3.0309599016042572e+05 -2.1565312430219064e+06 -1.3592308261079142e-11 2.9791898292146273e+07 4.5155857576199053e+06 2.5641025641007591e+06 5.9583407325726133e+06 4.2010684549697489e+06 -2.5641025641007624e+06 -3.4735167436268507e+05 2.2860190034937686e+06 -4.2303703858578990e-11 1.5040428365911510e+07 -1.9233985927755842e+06 5.7043507695198059e-09 1.8391089247826564e+06 -3.4847189666569978e+05 -2.0512820512815744e+07 -5.5459444574576586e+07 1.1040243088776914e+06 2.0512820512815744e+07 3.0509556228173594e+06 5.7140659284307277e+06 2.6775524020195007e-09 5.8409250950026112e+06 4.7086039107733052e+06 -1.0256410256403005e+07 -2.2984075584619287e+07 -1.2635947402837299e+07 1.0256410256403005e+07 7.2309982948016748e+06 -7.8549089602366863e+06
 1.9230769230762920e+06 7.0334020554117416e+05 2.6642539794672979e+06 -1.9230769230762885e+06 -1.5155056019964775e+06 -9.8932313301398617e+05 -3.4376103036014211e-11 4.5155857576199053e+06 1.2234567946918581e+07 2.5641025640994515e+06 4.2010684549689908e+06 2.5774385705830520e+06 -2.5641025640994459e+06 1.4313181487931963e+06 5.9546690117098636e+05 3.7033865067761655e-11 1.4954048260252071e+06 -1.7198839837135812e+06 -3.7834979593753815e-09 9.3357938538516965e+05 -2.4856463514922783e+06 -3.8461538461526097e+06 -2.7421295372748962e+06 -1.6442933555451168e+07 3.8461538461526087e+06 3.1499633643290107e+06 1.4710259308376808e+06 -5.4715201258659363e-09 4.7086039107725210e+06 5.7819675630085785e+06 -5.1282051281989394e+06 -1.2635947402835028e+07 -6.5983114673457155e+06 5.1282051281989394e+06 -6.1455072508347742e+06 3.4007907950348528e+06
