# Created by lalib
# name: K
# type: matrix
# rows: 9
# columns: 9
 1.4754888464083037e+08 8.1463675213675201e+07 -1.8696581196581200e+07 -1.1223282666587564e+08 -3.8194444444444440e+07 -5.3418803418803411e+06 -2.4981795123036690e+07 -3.8461538461538464e+07 -9.6153846153846141e+06
 8.1463675213675216e+07 1.5302867604113656e+08 -1.9677825449619114e+07 -5.2617521367521368e+07 -4.3128463112928919e+07 -1.2309019554110210e+07 -2.5641025641025636e+07 -9.1278821748150364e+07 -3.6185309368559816e+06
 -1.8696581196581200e+07 -1.9677825449619114e+07 7.7581262107557446e+07 2.6709401709401738e+06 -7.5013272464179043e+06 -2.8559214148468710e+07 -6.4102564102564082e+06 2.7917254734004298e+06 -2.1139256305514768e+07
 -1.1223282666587564e+08 -5.2617521367521368e+07 2.6709401709401733e+06 1.1476121473245361e+08 9.3482905982905980e+06 2.1367521367521364e+07 4.8750510633266885e+06 3.8461538461538464e+07 9.6153846153846141e+06
 -3.8194444444444433e+07 -4.3128463112928927e+07 -7.5013272464179043e+06 9.3482905982905980e+06 3.7177532439941846e+07 1.9531949630580749e+06 2.5641025641025636e+07 1.2412223276273407e+07 8.1368013458924983e+06
 -5.3418803418803383e+06 -1.2309019554110210e+07 -2.8559214148468710e+07 2.1367521367521364e+07 1.9531949630580749e+06 4.5887891121056721e+07 6.4102564102564082e+06 1.1341929551020704e+07 9.5255065086966921e+06
 -2.4981795123036690e+07 -2.5641025641025636e+07 -6.4102564102564091e+06 4.8750510633266885e+06 2.5641025641025636e+07 6.4102564102564091e+06 2.3570667084414586e+07 0.0000000000000000e+00 0.0000000000000000e+00
 -3.8461538461538464e+07 -9.1278821748150364e+07 2.7917254734004289e+06 3.8461538461538464e+07 1.2412223276273407e+07 1.1341929551020704e+07 0.0000000000000000e+00 7.5801648784118533e+07 1.3077776730429076e+07
 -9.6153846153846141e+06 -3.6185309368559811e+06 -2.1139256305514764e+07 9.6153846153846141e+06 8.1368013458924983e+06 9.5255065086966921e+06 0.0000000000000000e+00 1.3077776730429076e+07 3.0266353095747117e+07

# Created by lalib
# name: f
# type: matrix
# rows: 9
# columns: 1
 1.9965277777777785e-01
 1.9965277777777785e-01
 1.9965277777777785e-01
 1.0393420804368030e+00
 1.0393420804368030e+00
 1.0393420804368030e+00
 2.0445504137701365e+00
 1.0445504137701362e+00
 1.0445504137701362e+00

# Created by lalib
# name: d
# type: matrix
# rows: 9
# columns: 1
 3.6998257836624425e-07
 4.6836743176424834e-07
 2.2266239203601068e-07
 3.6252878319946094e-07
 1.0303675085298541e-07
 -1.1094605253460826e-07
 8.9204102740527896e-07
 5.7160044215869382e-07
 8.6269312913161484e-09

