# Created by lalib
# name: K
# type: matrix
# rows: 12
# columns: 12
 7.6923076923076892e+06 0.0000000000000000e+00 0.0000000000000000e+00 -2.9701518294875044e+06 0.0000000000000000e+00 -7.6923076923076902e+06 -6.2072317775639389e+06 0.0000000000000000e+00 0.0000000000000000e+00 -6.2072317775639389e+06 0.0000000000000000e+00 7.6923076923076902e+06
 0.0000000000000000e+00 7.6923076923076892e+06 0.0000000000000000e+00 0.0000000000000000e+00 -2.9701518294875044e+06 -7.6923076923076902e+06 0.0000000000000000e+00 -6.2072317775639389e+06 7.6923076923076902e+06 0.0000000000000000e+00 -6.2072317775639389e+06 0.0000000000000000e+00
 0.0000000000000000e+00 0.0000000000000000e+00 2.6923076923076916e+07 -1.1538461538461534e+07 -1.1538461538461534e+07 -1.0395531403206266e+07 0.0000000000000000e+00 1.1538461538461534e+07 -2.1725311221473791e+07 1.1538461538461534e+07 0.0000000000000000e+00 -2.1725311221473791e+07
 -2.9701518294875040e+06 0.0000000000000000e+00 -1.1538461538461534e+07 1.0144597954487234e+08 5.1282051282051265e+07 -2.1900050416658595e+06 -1.8265658455769174e+07 -3.0769230769230761e+07 -7.0353061798079358e+06 -6.9547709737820432e+07 -2.0512820512820508e+07 -6.1593041631415915e+06
 0.0000000000000000e+00 -2.9701518294875040e+06 -1.1538461538461534e+07 5.1282051282051265e+07 1.0144597954487234e+08 -2.1900050416658595e+06 -2.0512820512820508e+07 -6.9547709737820432e+07 -6.1593041631415933e+06 -3.0769230769230761e+07 -1.8265658455769166e+07 -7.0353061798079340e+06
 -7.6923076923076883e+06 -7.6923076923076883e+06 -1.0395531403206266e+07 -2.1900050416658595e+06 -2.1900050416658595e+06 7.3009646355771124e+07 -4.6902041198719563e+06 -3.3762010948724411e+06 -1.2647753313140826e+07 -3.3762010948724430e+06 -4.6902041198719563e+06 -1.2647753313140815e+07
 -6.2072317775639389e+06 0.0000000000000000e+00 0.0000000000000000e+00 -1.8265658455769174e+07 -2.0512820512820508e+07 -4.6902041198719563e+06 4.1622112287499808e+07 0.0000000000000000e+00 0.0000000000000000e+00 1.0852881518269038e+07 2.0512820512820508e+07 4.6902041198719563e+06
 0.0000000000000000e+00 -6.2072317775639389e+06 1.1538461538461534e+07 -3.0769230769230761e+07 -6.9547709737820432e+07 -3.3762010948724411e+06 0.0000000000000000e+00 9.2904163569551080e+07 1.1725510299679894e+07 3.0769230769230761e+07 1.0852881518269038e+07 7.0353061798079340e+06
 0.0000000000000000e+00 7.6923076923076883e+06 -2.1725311221473791e+07 -7.0353061798079349e+06 -6.1593041631415915e+06 -1.2647753313140823e+07 0.0000000000000000e+00 1.1725510299679892e+07 9.4395341724198073e+07 7.0353061798079349e+06 4.6902041198719563e+06 3.7985085313941643e+07
 -6.2072317775639389e+06 0.0000000000000000e+00 1.1538461538461534e+07 -6.9547709737820432e+07 -3.0769230769230761e+07 -3.3762010948724430e+06 1.0852881518269038e+07 3.0769230769230761e+07 7.0353061798079358e+06 9.2904163569551066e+07 0.0000000000000000e+00 1.1725510299679894e+07
 0.0000000000000000e+00 -6.2072317775639389e+06 0.0000000000000000e+00 -2.0512820512820508e+07 -1.8265658455769166e+07 -4.6902041198719563e+06 2.0512820512820508e+07 1.0852881518269038e+07 4.6902041198719563e+06 0.0000000000000000e+00 4.1622112287499800e+07 0.0000000000000000e+00
 7.6923076923076883e+06 0.0000000000000000e+00 -2.1725311221473791e+07 -6.1593041631415933e+06 -7.0353061798079349e+06 -1.2647753313140815e+07 4.6902041198719563e+06 7.0353061798079349e+06 3.7985085313941643e+07 1.1725510299679892e+07 0.0000000000000000e+00 9.4395341724198043e+07

# Created by lalib
# name: f
# type: matrix
# rows: 12
# columns: 1
 9.7650619595875010e-01
 -8.3333333333333367e-03
 -8.3333333333333367e-03
 3.3333333333333340e-02
 3.3333333333333340e-02
 3.3333333333333340e-02
 3.0856794747305594e-01
 3.3333333333333333e-02
 3.3333333333333333e-02
 3.0856794747305599e-01
 3.3333333333333340e-02
 3.3333333333333340e-02

# Created by lalib
# name: d
# type: matrix
# rows: 12
# columns: 1
 4.8569940153627870e-07
 1.3430129780654485e-07
 9.5045275081689475e-09
 1.1532914206290808e-07
 3.4824835141281138e-08
 8.3318260273739365e-08
 1.1502126261691080e-07
 3.4549244055464848e-08
 1.7259581799426647e-08
 1.1501709023737605e-07
 3.4699259393862610e-08
 -4.5277299083596052e-08

