# Created by lalib
# name: K
# type: matrix
# rows: 3
# columns: 3
 1.2820512820512818e+07 0.0000000000000000e+00 0.0000000000000000e+00
 0.0000000000000000e+00 1.2820512820512818e+07 0.0000000000000000e+00
 0.0000000000000000e+00 0.0000000000000000e+00 4.4871794871794865e+07

# Created by lalib
# name: f
# type: matrix
# rows: 3
# columns: 1
 1.2916666666666667e+00
 4.1666666666666664e-02
 4.1666666666666664e-02

# Created by lalib
# name: d
# type: matrix
# rows: 3
# columns: 1
 1.0075000000000001e-07
 3.2500000000000006e-09
 9.2857142857142867e-10

